Root=2.404831
Root=5.520078
Root=8.653729
Root=11.791535
