Root=5.763463
Root=9.095014
