Root=1 = -0.809017
Root=2 = -0.309017
Root=3 = 0.309017
Root=4 = 0.809017
